1 1.4588576599723855
2 1.484934661457995
3 1.490954641415279
4 1.5046037606501708
5 1.5547750494588475
6 1.6444641303260197
7 1.774906607729793
8 1.958436975210331
9 2.17910013075674
10 2.4247914607317624
11 2.6186807913368866
12 2.682587404344044
13 2.3966024376382276
14 2.3696777540106617
15 2.345468526736143
16 2.3234862610210003
17 2.3079047138523263
18 2.300735334380525
19 2.303213727083703
20 2.312890234246545
21 2.3247290492460726
22 2.3304544955777615
23 2.3318768774769763
24 2.321288034449487
25 1.9775672933800768
26 1.9930410843442647
27 2.0204111602837065
28 2.0863579574291315
29 2.1609683534152313
30 2.2325903106635856
31 2.324808070462695
32 2.425904941511451
33 2.531850841762076
34 2.6390826327195676
35 2.7341307888231756
36 2.8049122476765396
37 2.311841407189548
38 2.2238117718714605
39 2.142276243810395
40 2.066818165682339
41 2.0022506479543343
42 1.9449315309147535
43 1.8939987649277088
44 1.8510974280483536
45 1.8196182488445134
46 1.8073627765209732
47 1.7958113114000755
48 1.7933113674560002
49 1.8255951263200025
50 1.8613055324866596
51 1.8782950940606171
52 1.857641821534136
53 1.8425703204000288
54 1.831816251192327
55 1.8183754606194413
56 1.815796495458743
57 1.826586483401274
58 1.8403002563588575
59 1.8361336831187323
60 1.8301999081250375