1 3.3967700527160827
2 3.2480052162129542
3 3.1500073847627275
4 3.0850872053299714
5 3.054031435366765
6 3.0480503867794626
7 3.072228373855149
8 3.1096120424651765
9 3.150760303184609
10 3.1840156101106136
11 3.2124319357184614
12 3.240357595388455
13 3.2221014385972264
14 3.1721211909964024
15 3.1206689455820142
16 3.0709678699803145
17 3.0187796256591426
18 2.965263199402743
19 2.8949203153809338
20 2.8265231755954465
21 2.7620175242826024
22 2.7035690593750044
23 2.648690612153179
24 2.5975852167983082
25 2.9352987381633864
26 3.0471028939339497
27 3.2216953702348636
28 3.2998296909595095
29 3.2105284902698856
30 3.1065834492625535
31 2.994077133615405
32 2.9004445370605776
33 2.8277498404400836
34 2.758642081020461
35 2.734201841460749
36 2.787244521294393
37 3.5774620142099884
38 3.5835276603727837
39 3.6086869793241796
40 3.741048345939361
41 3.8668195614236947
42 3.9069018926919243
43 3.8422862645309412
44 3.7232151770255935
45 3.61458343033599
46 3.5475567712734772
47 3.5145298778013006
48 3.5071275899457293
49 4.431322263168408
50 4.558523177678561
51 4.645751737768625
52 4.716196138881023
53 4.591330117454457
54 4.457056845633152
55 4.401391640959249
56 4.45357988528042
57 4.525453985418639
58 4.5201327979201755
59 4.406873563851146
60 4.254242618148021
