1 1.435610873507676
2 1.4124608691547383
3 1.4032374835481388
4 1.4760835725588026
5 1.4643276408818362
6 1.4553439678323303
7 1.4471498053304503
8 1.4391470393249652
9 1.4286920057094283
10 1.4674707302210606
11 1.4520035008561991
12 1.447825674208343
13 1.3019606099641174
14 1.2885598646462626
15 1.2789362095619383
16 1.270987273821064
17 1.2660259177660937
18 1.263328423395037
19 1.2637799995037173
20 1.2675152217536616
21 1.2759635827273146
22 1.253375805582535
23 1.2680056752756717
24 1.2779403496666366