1 1.435610873507676
2 1.4124608691547383
3 1.4032374835481388
4 1.4760835725588026
5 1.4643276408818362
6 1.4553439678323303
7 1.4471498053304503
8 1.4391470393249652
9 1.4286920057094283
10 1.4674707302210606
11 1.4520035008561991
12 1.447825674208343
13 1.3019606099641174
14 1.2885598646462626
15 1.2789362095619383
16 1.270987273821064
17 1.2660259177660937
18 1.263328423395037
19 1.2637799995037173
20 1.2675152217536616
21 1.2759635827273146
22 1.253375805582535
23 1.2680056752756717
24 1.2779403496666366
25 1.1188539743199262
26 1.0841095290838543
27 1.0478727892899582
28 1.0089385551250056
29 0.9745918557330029
30 0.9448775496677927
31 0.9207496288410902
32 0.9037422557943059
33 0.8954075364903868
34 0.895954810847264
35 0.959719749849117
36 0.9741971004591896
37 1.1120025778630627
38 1.113201796535783
39 1.1150948275079324
40 1.1151008086484449
41 1.1199485230336808
42 1.124814180840454
43 1.128414827428871
44 1.1337470141956052
45 1.099836938061002
46 1.1105072927349824
47 1.162052761670164
48 1.1736890705368839
49 1.1391061160946447
50 1.1026450835315367
51 1.0691806023651014
52 1.0575562557794056
53 1.0548288557057872
54 1.0537701938351065
55 1.0372592554508446
56 1.0002150616877854
57 1.0356593003637988
58 0.9881301672826411
59 0.9546806389674867
60 0.9202920715918977